0 0.7264936168893928 0.7423040176241219 0.1772855630197423 0.2224005547126847
0 0.4102629317813188 0.8428083229024548 0.04378212229612757 0.045673376437360955
0 0.39706693739685933 0.7517533874170843 0.11714790099822858 0.10943237153638848
0 0.6061352527043772 0.45450936611625126 0.0753139538268794 0.07632734561740726
0 0.8904805534530486 0.3552449320914833 0.030167118968362418 0.024335618661666558
0 0.9429960262065296 0.1081163623930574 0.04268934151404728 0.09206992280870363
0 0.7530682321133885 0.15882713628578854 0.04316774896001015 0.05569292540060182
0 0.8416499016226263 0.23088877252509427 0.26878333381852715 0.12347362210203654
0 0.8468283394350777 0.6651373419406962 0.0758578173874973 0.18175713939685173
0 0.17739082570741516 0.2246897672948152 0.2230269717134911 0.31396262959490706
0 0.09768423575335244 0.8784880020262502 0.1953684715067049 0.16548546484472199