0 0.19874709308955413 0.20247749502562257 0.159026062937129 0.22055206618646536
0 0.507694846212812 0.15248303071790129 0.04008918969514959 0.0452066788391571
0 0.5301107225780493 0.2471093691001836 0.10839428298109546 0.10816954274124865
0 0.3489344872123805 0.5145066661911099 0.06915906615858276 0.07552206348717298
0 0.0720270744482022 0.568490813487173 0.028252265027114642 0.02400618506293455
0 0.04376221564416237 0.8107724792540756 0.034893150467538214 0.09166728174358667
0 0.22440874852706205 0.979079404981344 0.09875566256778665 0.041841190037311904
0 0.23028097774441075 0.7905461800885569 0.03858577702916719 0.05524452966899407
0 0.13371907425181045 0.702795881123531 0.25996132816063533 0.12043551224706199
0 0.0850754785299777 0.26102185560372176 0.0604022105759968 0.1810616684661949
0 0.8044088241536146 0.8184328751234682 0.19703966822512733 0.3116748962703781
0 0.8529755299560333 0.17318049732392957 0.24927381303532492 0.16257546805592077